"x"
18.14
23.59
17.89
22.64
19.83
23.74
19.16
17.58
20.36
20.99
20.5
21.54
18.17
21.9
21.24
21.06
24.24
21.06
17.57
21.09
18.73
16.97
19.07
17.43
18
21.43
18.19
17.79
17.64
19.79
18.2
22.3
18.16
18.99
18.84
20.8
19.69
22.67
22.98
21.3
18.87
20.37
23.51
20.58
20.22
18.23
23.18
18.7
22.31
21.01
19.92
19.08
19.48
19.44
19.32
19.04
18.05
19.52
18.16
19.05
18.67
18.61
19.51
18.57
18.87
19.86
19.56
19.35
18.67
19.01
18.46
19.5
18.18
18.94
19.23
20.87
19.24
20.23
19.9
18.77
18.5
17.58
17.72
17.76
17.63
17.79
18.49
18.86
18.16
18.47
20.07
17.65
16.86
18.99
19.67
16.74
18.02
17.98
19.16
19.67
