"x"
46.82
51.46
57.13
49.32
46.23
45.91
51.28
55.76
53.09
55.25
54.32
40.27
57.73
45.99
57.6
45.2
49.45
51.61
41.84
48.24
54.27
46.26
49.67
41.09
44.33
51.21
56.36
49.45
50.87
58.99
54.34
54.91
60.79
59.76
54
38.63
49.8
46.96
49.6
55.06
49.61
54.81
46.49
47.83
41.8
43.24
43.51
41.11
43.96
50.06
43.39
51.84
51.56
52.63
45.14
40.94
42.42
49.77
43.97
54.86
44.76
57.58
44.78
50.98
53.17
54.35
37.38
45.17
46.79
52.33
48.02
49.44
49.69
48.69
51.09
56.24
46.35
50.02
52.25
49.2
55.83
42.22
38.53
41.65
54.25
50.15
43.55
48.28
52.43
50.67
52.85
48.47
62.33
48.15
48.28
48.67
53.86
55.29
51.6
52.79
